fare_id,price,currency_type,payment_method,transfers,agency_id
1,1.90,EUR,0,0,60
2,1.95,EUR,0,0,60
3,1.00,EUR,0,0,60
4,1.70,EUR,0,0,60
5,1.15,EUR,0,0,60
6,2.55,EUR,0,0,60
7,2.05,EUR,0,0,60
8,2.00,EUR,0,0,60
9,1.85,EUR,0,0,60
10,1.50,EUR,0,0,60
11,1.40,EUR,0,0,60
12,1.65,EUR,0,0,60
13,2.20,EUR,0,0,60
14,2.40,EUR,0,0,60
15,1.60,EUR,0,0,60
16,1.05,EUR,0,0,60
17,2.15,EUR,0,0,60
18,1.10,EUR,0,0,60
19,1.20,EUR,0,0,60
20,1.80,EUR,0,0,60
21,1.55,EUR,0,0,60
22,2.60,EUR,0,0,60
23,1.45,EUR,0,0,60
24,2.25,EUR,0,0,60
25,1.75,EUR,0,0,60
26,1.25,EUR,0,0,60
27,2.35,EUR,0,0,60
28,2.10,EUR,0,0,60
29,2.65,EUR,0,0,60
30,2.50,EUR,0,0,60
31,1.35,EUR,0,0,60
32,1.30,EUR,0,0,60
33,2.30,EUR,0,0,60
34,1.30,EUR,0,0,71
35,0.80,EUR,0,0,71
36,1.80,EUR,0,0,71
37,1.90,EUR,0,0,71
38,0.70,EUR,0,0,71
39,2.30,EUR,0,0,71
40,1.60,EUR,0,0,71
41,2.10,EUR,0,0,71
42,2.00,EUR,0,0,71
43,1.10,EUR,0,0,71
44,1.20,EUR,0,0,71
45,1.00,EUR,0,0,71
46,1.40,EUR,0,0,71
47,0.90,EUR,0,0,71
48,2.40,EUR,0,0,71
49,0.50,EUR,0,0,71
50,1.70,EUR,0,0,71
51,0.60,EUR,0,0,71
52,1.50,EUR,0,0,71
53,2.20,EUR,0,0,71
54,1.40,EUR,0,0,317
55,1.30,EUR,0,0,317
56,0.50,EUR,0,0,317
57,1.00,EUR,0,0,317
58,0.90,EUR,0,0,317
59,2.40,EUR,0,0,317
60,2.10,EUR,0,0,317
61,1.10,EUR,0,0,317
62,2.30,EUR,0,0,317
63,1.70,EUR,0,0,317
64,0.70,EUR,0,0,317
65,1.20,EUR,0,0,317
66,0.80,EUR,0,0,317
67,0.60,EUR,0,0,317
68,1.60,EUR,0,0,317
69,1.90,EUR,0,0,317
70,1.50,EUR,0,0,317
71,1.80,EUR,0,0,317
72,2.20,EUR,0,0,317
73,2.00,EUR,0,0,317
74,1.55,EUR,0,0,100047
75,2.65,EUR,0,0,100047
76,0.85,EUR,0,0,100047
77,1.95,EUR,0,0,100047
78,0.65,EUR,0,0,100047
79,2.20,EUR,0,0,100047
80,2.00,EUR,0,0,100047
81,2.15,EUR,0,0,100047
82,1.90,EUR,0,0,100047
83,1.75,EUR,0,0,100047
84,0.90,EUR,0,0,100047
85,1.00,EUR,0,0,100047
86,3.00,EUR,0,0,100047
87,1.25,EUR,0,0,100047
88,2.80,EUR,0,0,100047
89,2.85,EUR,0,0,100047
90,1.10,EUR,0,0,100047
91,2.60,EUR,0,0,100047
92,2.50,EUR,0,0,100047
93,1.20,EUR,0,0,100047
94,2.35,EUR,0,0,100047
95,0.70,EUR,0,0,100047
96,1.15,EUR,0,0,100047
97,0.75,EUR,0,0,100047
98,2.10,EUR,0,0,100047
99,1.05,EUR,0,0,100047
100,2.75,EUR,0,0,100047
101,1.50,EUR,0,0,100047
102,1.45,EUR,0,0,100047
103,0.80,EUR,0,0,100047
104,1.60,EUR,0,0,100047
105,1.85,EUR,0,0,100047
106,1.65,EUR,0,0,100047
107,2.55,EUR,0,0,100047
108,1.30,EUR,0,0,100047
109,2.30,EUR,0,0,100047
110,2.90,EUR,0,0,100047
111,0.95,EUR,0,0,100047
112,1.40,EUR,0,0,100047
113,2.95,EUR,0,0,100047
114,2.25,EUR,0,0,100047
115,1.70,EUR,0,0,100047
116,2.05,EUR,0,0,100047
117,2.40,EUR,0,0,100047
118,1.80,EUR,0,0,100047
119,1.35,EUR,0,0,100047
120,2.45,EUR,0,0,100047
121,0.75,EUR,0,0,71
122,0.85,EUR,0,0,71
123,1.05,EUR,0,0,71
124,0.65,EUR,0,0,71
125,1.45,EUR,0,0,71
126,1.25,EUR,0,0,71
127,0.95,EUR,0,0,71
128,1.15,EUR,0,0,71
129,1.55,EUR,0,0,71
130,1.35,EUR,0,0,71
131,0.60,EUR,0,0,60
132,0.65,EUR,0,0,60
133,0.90,EUR,0,0,60
134,0.80,EUR,0,0,60
135,0.95,EUR,0,0,60
136,0.75,EUR,0,0,60
137,0.85,EUR,0,0,60
138,0.70,EUR,0,0,60
139,2.45,EUR,0,0,60
140,0.80,EUR,0,0,100046
141,1.05,EUR,0,0,100046
142,1.30,EUR,0,0,100046
143,0.90,EUR,0,0,100046
144,1.55,EUR,0,0,100046
145,1.00,EUR,0,0,100046
146,1.15,EUR,0,0,100046
147,1.35,EUR,0,0,100046
148,1.25,EUR,0,0,100046
149,1.40,EUR,0,0,100046
150,1.20,EUR,0,0,100046
151,0.85,EUR,0,0,100046
152,1.45,EUR,0,0,100046
153,0.90,EUR,0,0,99
154,1.60,EUR,0,0,99
155,2.30,EUR,0,0,99
156,0.60,EUR,0,0,219
157,0.95,EUR,0,0,219
158,1.10,EUR,0,0,219
159,1.05,EUR,0,0,219
160,0.85,EUR,0,0,219
161,1.60,EUR,0,0,219
162,2.10,EUR,0,0,219
163,2.70,EUR,0,0,219
164,1.65,EUR,0,0,219
165,1.20,EUR,0,0,219
166,1.75,EUR,0,0,219
167,2.80,EUR,0,0,219
168,1.00,EUR,0,0,219
169,0.70,EUR,0,0,219
170,1.40,EUR,0,0,219
171,0.90,EUR,0,0,219
172,0.75,EUR,0,0,219
173,1.30,EUR,0,0,219
174,1.45,EUR,0,0,219
175,1.25,EUR,0,0,219
176,2.25,EUR,0,0,219
177,2.30,EUR,0,0,219
178,0.65,EUR,0,0,219
179,2.05,EUR,0,0,219
180,1.55,EUR,0,0,219
181,0.80,EUR,0,0,219
182,1.50,EUR,0,0,219
183,2.40,EUR,0,0,219
184,1.35,EUR,0,0,219
185,2.50,EUR,0,0,219
186,1.15,EUR,0,0,219
187,2.60,EUR,0,0,219
188,1.95,EUR,0,0,219
189,2.55,EUR,0,0,219
190,1.80,EUR,0,0,219
191,2.85,EUR,0,0,219
192,1.60,EUR,0,0,100046
193,2.30,EUR,0,0,100046
194,3.00,EUR,0,0,100046
195,1.50,EUR,0,0,273
196,0.40,EUR,0,0,25
197,0.85,EUR,0,0,25
198,0.35,EUR,0,0,25
199,2.05,EUR,0,0,25
200,1.00,EUR,0,0,25
201,0.75,EUR,0,0,25
202,0.80,EUR,0,0,25
203,0.55,EUR,0,0,25
204,0.45,EUR,0,0,25
205,1.05,EUR,0,0,25
206,1.45,EUR,0,0,25
207,1.20,EUR,0,0,25
208,0.50,EUR,0,0,25
209,1.40,EUR,0,0,25
210,0.60,EUR,0,0,25
211,1.50,EUR,0,0,25
212,1.85,EUR,0,0,25
213,1.90,EUR,0,0,25
214,1.70,EUR,0,0,25
215,1.75,EUR,0,0,25
216,1.10,EUR,0,0,25
217,0.70,EUR,0,0,25
218,1.60,EUR,0,0,25
219,1.55,EUR,0,0,25
220,0.90,EUR,0,0,25
221,0.65,EUR,0,0,25
222,1.15,EUR,0,0,25
223,1.25,EUR,0,0,25
224,1.35,EUR,0,0,25
225,0.95,EUR,0,0,25
226,1.80,EUR,0,0,25
227,1.65,EUR,0,0,25
228,2.30,EUR,0,0,25
229,2.00,EUR,0,0,25
230,2.20,EUR,0,0,25
231,2.15,EUR,0,0,25
232,1.30,EUR,0,0,25
233,1.95,EUR,0,0,25
234,0.95,EUR,0,0,100046
235,3.00,EUR,0,0,60
236,2.80,EUR,0,0,60
237,2.70,EUR,0,0,60
238,2.90,EUR,0,0,60
239,2.75,EUR,0,0,60
240,2.95,EUR,0,0,60
241,2.85,EUR,0,0,60
242,1.50,EUR,0,0,100046
243,1.10,EUR,0,0,100046
244,1.80,EUR,0,0,100046
245,1.70,EUR,0,0,100046
246,1.85,EUR,0,0,100046
247,1.75,EUR,0,0,100046
248,1.65,EUR,0,0,100046
249,1.90,EUR,0,0,100046
250,2.80,EUR,0,0,100046
251,2.45,EUR,0,0,100046
252,1.95,EUR,0,0,100046
253,2.35,EUR,0,0,100046
254,2.65,EUR,0,0,100046
255,2.25,EUR,0,0,100046
256,2.05,EUR,0,0,100046
257,2.00,EUR,0,0,100046
258,2.15,EUR,0,0,100046
259,2.20,EUR,0,0,100046
260,2.70,EUR,0,0,100046
261,2.50,EUR,0,0,100046
262,2.10,EUR,0,0,100046
263,2.60,EUR,0,0,100046
264,2.85,EUR,0,0,100046
265,2.95,EUR,0,0,100046
266,2.75,EUR,0,0,100046
267,2.90,EUR,0,0,100046
268,2.55,EUR,0,0,100046
269,2.40,EUR,0,0,100046
270,0.60,EUR,0,0,586
271,0.65,EUR,0,0,586
272,0.80,EUR,0,0,586
273,1.65,EUR,0,0,586
274,0.90,EUR,0,0,586
275,1.35,EUR,0,0,586
276,1.45,EUR,0,0,586
277,1.30,EUR,0,0,586
278,1.00,EUR,0,0,586
279,1.25,EUR,0,0,586
280,0.85,EUR,0,0,586
281,1.80,EUR,0,0,586
282,0.75,EUR,0,0,586
283,2.10,EUR,0,0,586
284,1.55,EUR,0,0,586
285,1.15,EUR,0,0,586
286,1.85,EUR,0,0,586
287,1.90,EUR,0,0,586
288,1.75,EUR,0,0,586
289,1.05,EUR,0,0,586
290,1.10,EUR,0,0,586
291,1.60,EUR,0,0,586
292,1.70,EUR,0,0,586
293,3.00,EUR,0,0,71
294,2.80,EUR,0,0,71
295,2.25,EUR,0,0,71
296,2.15,EUR,0,0,71
297,2.90,EUR,0,0,71
298,2.55,EUR,0,0,71
299,2.75,EUR,0,0,71
300,2.70,EUR,0,0,71
301,2.50,EUR,0,0,71
302,2.60,EUR,0,0,71
303,2.85,EUR,0,0,71
304,2.95,EUR,0,0,71
305,2.45,EUR,0,0,71
306,2.35,EUR,0,0,71
307,1.65,EUR,0,0,71
308,1.95,EUR,0,0,71
309,1.75,EUR,0,0,71
310,2.65,EUR,0,0,71
311,2.05,EUR,0,0,71
312,1.85,EUR,0,0,71
313,0.55,EUR,0,0,60
314,3.35,EUR,0,0,60
315,4.40,EUR,0,0,60
316,3.05,EUR,0,0,60
317,4.15,EUR,0,0,60
318,3.30,EUR,0,0,60
319,4.10,EUR,0,0,60
320,3.25,EUR,0,0,60
321,3.10,EUR,0,0,60
322,3.60,EUR,0,0,60
323,3.15,EUR,0,0,60
324,3.50,EUR,0,0,60
325,3.20,EUR,0,0,60
326,3.55,EUR,0,0,60
327,3.45,EUR,0,0,60
328,3.95,EUR,0,0,60
329,3.80,EUR,0,0,60
330,3.90,EUR,0,0,60
331,3.40,EUR,0,0,60
332,3.75,EUR,0,0,60
333,3.85,EUR,0,0,60
334,3.65,EUR,0,0,60
335,4.00,EUR,0,0,60
336,3.70,EUR,0,0,60
337,4.05,EUR,0,0,60
338,4.35,EUR,0,0,60
339,4.20,EUR,0,0,60
340,2.70,EUR,0,0,100047
341,0.65,EUR,0,0,317
342,0.55,EUR,0,0,317
343,0.45,EUR,0,0,317
344,0.85,EUR,0,0,317
345,0.35,EUR,0,0,317
346,0.75,EUR,0,0,317
347,0.40,EUR,0,0,317
348,0.95,EUR,0,0,317
349,1.05,EUR,0,0,317
350,1.15,EUR,0,0,317
351,1.35,EUR,0,0,317
352,99.90,EUR,0,0,60
353,0.00,EUR,0,0,60
354,3.40,EUR,0,0,71
355,3.10,EUR,0,0,71
356,3.50,EUR,0,0,71
357,3.20,EUR,0,0,71
358,3.30,EUR,0,0,71
359,3.60,EUR,0,0,71
360,1.11,EUR,0,0,25
361,2.10,EUR,0,0,25
362,2.25,EUR,0,0,25
363,3.00,EUR,0,0,99
364,2.15,EUR,0,0,219
365,2.45,EUR,0,0,219
366,2.65,EUR,0,0,219
367,1.90,EUR,0,0,219
368,2.35,EUR,0,0,219
369,1.45,EUR,0,0,317
370,1.95,EUR,0,0,317
371,1.25,EUR,0,0,317
372,1.55,EUR,0,0,317
373,1.85,EUR,0,0,317
374,1.65,EUR,0,0,317
375,3.35,EUR,0,0,317
376,3.95,EUR,0,0,317
377,2.50,EUR,0,0,317
378,2.45,EUR,0,0,317
379,2.90,EUR,0,0,317
380,1.75,EUR,0,0,317
381,3.60,EUR,0,0,317
382,3.50,EUR,0,0,317
383,3.05,EUR,0,0,317
384,4.85,EUR,0,0,317
385,2.35,EUR,0,0,317
386,2.55,EUR,0,0,317
387,5.35,EUR,0,0,317
388,4.90,EUR,0,0,317
389,4.70,EUR,0,0,317
390,3.90,EUR,0,0,317
391,5.30,EUR,0,0,317
392,2.95,EUR,0,0,317
393,2.25,EUR,0,0,317
394,3.80,EUR,0,0,317
395,3.85,EUR,0,0,317
396,2.80,EUR,0,0,317
397,3.30,EUR,0,0,317
398,5.70,EUR,0,0,317
399,3.00,EUR,0,0,317
400,4.10,EUR,0,0,317
401,2.65,EUR,0,0,317
402,4.30,EUR,0,0,317
403,3.40,EUR,0,0,317
404,2.85,EUR,0,0,317
405,3.45,EUR,0,0,317
406,2.60,EUR,0,0,317
407,5.15,EUR,0,0,317
408,2.70,EUR,0,0,317
409,5.05,EUR,0,0,317
410,3.75,EUR,0,0,317
411,3.20,EUR,0,0,317
412,4.05,EUR,0,0,317
413,4.50,EUR,0,0,317
414,2.75,EUR,0,0,317
415,3.15,EUR,0,0,317
416,4.20,EUR,0,0,317
417,5.10,EUR,0,0,317
418,3.10,EUR,0,0,317
419,4.65,EUR,0,0,317
420,2.05,EUR,0,0,317
421,2.15,EUR,0,0,317
422,4.80,EUR,0,0,317
423,5.55,EUR,0,0,317
424,4.25,EUR,0,0,317
425,4.40,EUR,0,0,317
426,3.25,EUR,0,0,317
427,3.70,EUR,0,0,317
428,4.75,EUR,0,0,317
429,5.25,EUR,0,0,317
430,4.00,EUR,0,0,317
431,4.95,EUR,0,0,317
432,5.40,EUR,0,0,317
433,4.45,EUR,0,0,317
434,4.35,EUR,0,0,317
435,3.55,EUR,0,0,317
436,4.15,EUR,0,0,317
437,3.65,EUR,0,0,317
438,5.00,EUR,0,0,317
439,4.55,EUR,0,0,317
440,4.60,EUR,0,0,317
441,0.00,EUR,0,0,317
442,5.45,EUR,0,0,317
443,2.80,EUR,0,0,25
444,3.25,EUR,0,0,25
445,2.50,EUR,0,0,25
446,2.95,EUR,0,0,25
447,2.35,EUR,0,0,25
448,2.65,EUR,0,0,25
449,3.15,EUR,0,0,25
450,2.45,EUR,0,0,25
451,3.40,EUR,0,0,25
452,2.60,EUR,0,0,25
453,2.90,EUR,0,0,25
454,2.70,EUR,0,0,25
455,2.75,EUR,0,0,25
456,3.10,EUR,0,0,25
457,2.40,EUR,0,0,25
458,2.55,EUR,0,0,25
459,3.50,EUR,0,0,25
460,3.30,EUR,0,0,25
461,3.05,EUR,0,0,25
462,3.00,EUR,0,0,25
463,3.20,EUR,0,0,25
464,2.85,EUR,0,0,25
465,1.90,EUR,0,0,82
466,2.50,EUR,0,0,82
467,2.40,EUR,0,0,82
468,1.20,EUR,0,0,82
469,2.00,EUR,0,0,82
470,4.00,EUR,0,0,82
471,3.20,EUR,0,0,82
472,3.10,EUR,0,0,82
473,4.30,EUR,0,0,82
474,4.90,EUR,0,0,82
475,1.70,EUR,0,0,82
476,5.50,EUR,0,0,82
477,1.30,EUR,0,0,82
478,3.00,EUR,0,0,82
479,0.90,EUR,0,0,82
480,3.70,EUR,0,0,82
481,4.10,EUR,0,0,82
482,3.60,EUR,0,0,82
483,2.34,EUR,0,0,60
484,2.71,EUR,0,0,60
485,1.70,EUR,0,0,219
486,1.91,EUR,0,0,60
487,0.90,EUR,0,0,117
488,1.60,EUR,0,0,117
489,8.20,EUR,0,0,82
490,10.30,EUR,0,0,82
491,2.60,EUR,0,0,82
492,6.80,EUR,0,0,82
493,2.70,EUR,0,0,82
494,4.60,EUR,0,0,82
495,8.30,EUR,0,0,82
496,4.20,EUR,0,0,82
497,9.70,EUR,0,0,82
498,2.10,EUR,0,0,82
499,1.00,EUR,0,0,82
500,3.80,EUR,0,0,82
501,1.80,EUR,0,0,82
502,6.50,EUR,0,0,82
503,5.70,EUR,0,0,82
504,7.10,EUR,0,0,82
505,3.30,EUR,0,0,82
506,6.10,EUR,0,0,82
507,6.00,EUR,0,0,82
508,7.80,EUR,0,0,82
509,1.40,EUR,0,0,82
510,2.80,EUR,0,0,82
511,5.60,EUR,0,0,82
512,7.90,EUR,0,0,82
513,5.10,EUR,0,0,82
514,1.60,EUR,0,0,82
515,4.50,EUR,0,0,82
516,6.90,EUR,0,0,82
517,5.20,EUR,0,0,82
518,6.20,EUR,0,0,82
519,10.50,EUR,0,0,82
520,7.50,EUR,0,0,82
521,4.80,EUR,0,0,82
522,9.00,EUR,0,0,82
523,3.90,EUR,0,0,82
524,6.70,EUR,0,0,82
525,5.80,EUR,0,0,82
526,3.50,EUR,0,0,82
527,7.30,EUR,0,0,82
528,5.30,EUR,0,0,82
529,2.30,EUR,0,0,82
530,2.90,EUR,0,0,82
531,7.40,EUR,0,0,82
532,5.00,EUR,0,0,82
533,2.20,EUR,0,0,82
534,5.40,EUR,0,0,82
535,10.40,EUR,0,0,82
536,7.70,EUR,0,0,82
537,9.30,EUR,0,0,82
538,8.60,EUR,0,0,82
539,4.70,EUR,0,0,82
540,1.10,EUR,0,0,82
541,4.40,EUR,0,0,82
542,5.90,EUR,0,0,82
543,3.40,EUR,0,0,82
544,11.40,EUR,0,0,82
545,9.10,EUR,0,0,82
546,8.50,EUR,0,0,82
547,8.00,EUR,0,0,82
548,6.40,EUR,0,0,82
549,1.10,EUR,0,0,74
550,1.40,EUR,0,0,74
551,2.40,EUR,0,0,74
552,0.50,EUR,0,0,74
553,1.70,EUR,0,0,74
554,0.60,EUR,0,0,74
555,0.80,EUR,0,0,74
556,0.70,EUR,0,0,74
557,1.90,EUR,0,0,74
558,2.20,EUR,0,0,74
559,1.00,EUR,0,0,74
560,1.30,EUR,0,0,74
561,1.60,EUR,0,0,74
562,1.80,EUR,0,0,74
563,1.20,EUR,0,0,74
564,1.50,EUR,0,0,74
565,2.00,EUR,0,0,74
566,2.30,EUR,0,0,74
567,2.10,EUR,0,0,74
568,0.90,EUR,0,0,74
569,0.30,EUR,0,0,317
570,7.60,EUR,0,0,82
571,8.90,EUR,0,0,82
572,8.10,EUR,0,0,82
573,7.00,EUR,0,0,82
574,6.60,EUR,0,0,82
575,1.50,EUR,0,0,82
576,4.65,EUR,0,0,60
577,4.30,EUR,0,0,60
578,4.25,EUR,0,0,60
579,4.60,EUR,0,0,60
580,5.05,EUR,0,0,60
581,5.15,EUR,0,0,60
582,4.45,EUR,0,0,60
583,5.25,EUR,0,0,60
584,4.55,EUR,0,0,60
585,5.65,EUR,0,0,60
586,4.75,EUR,0,0,60
587,5.00,EUR,0,0,60
588,4.85,EUR,0,0,60
589,5.45,EUR,0,0,60
590,4.90,EUR,0,0,60
591,5.60,EUR,0,0,60
592,5.20,EUR,0,0,60
593,5.10,EUR,0,0,60
594,4.70,EUR,0,0,60
595,5.50,EUR,0,0,60
596,5.35,EUR,0,0,60
597,4.50,EUR,0,0,60
598,5.85,EUR,0,0,60
599,5.90,EUR,0,0,60
600,4.80,EUR,0,0,60
601,5.75,EUR,0,0,60
602,5.30,EUR,0,0,60
603,4.95,EUR,0,0,60
604,5.55,EUR,0,0,60
605,5.40,EUR,0,0,60
606,5.70,EUR,0,0,60
607,5.80,EUR,0,0,60
608,5.95,EUR,0,0,60
609,0.60,EUR,0,0,100047
610,1.88,EUR,0,0,60
611,8.25,EUR,0,0,60
612,0.50,EUR,0,0,60
613,6.35,EUR,0,0,60
614,0.45,EUR,0,0,60
615,6.50,EUR,0,0,60
616,7.15,EUR,0,0,60
617,7.05,EUR,0,0,60
618,0.40,EUR,0,0,60
619,6.30,EUR,0,0,60
620,6.70,EUR,0,0,60
621,8.15,EUR,0,0,60
622,6.05,EUR,0,0,60
623,8.65,EUR,0,0,60
624,7.25,EUR,0,0,60
625,6.75,EUR,0,0,60
626,6.25,EUR,0,0,60
627,6.00,EUR,0,0,60
628,8.35,EUR,0,0,60
629,9.15,EUR,0,0,60
630,10.55,EUR,0,0,60
631,11.10,EUR,0,0,60
632,6.80,EUR,0,0,60
633,6.20,EUR,0,0,60
634,6.85,EUR,0,0,60
635,7.75,EUR,0,0,60
636,8.75,EUR,0,0,60
637,0.35,EUR,0,0,60
638,8.30,EUR,0,0,60
639,6.90,EUR,0,0,60
640,9.80,EUR,0,0,60
641,6.10,EUR,0,0,60
642,8.40,EUR,0,0,60
643,7.45,EUR,0,0,60
644,7.55,EUR,0,0,60
645,8.55,EUR,0,0,60
646,6.95,EUR,0,0,60
647,10.25,EUR,0,0,60
648,10.20,EUR,0,0,60
649,11.00,EUR,0,0,60
650,6.45,EUR,0,0,60
651,7.00,EUR,0,0,60
652,8.05,EUR,0,0,60
653,7.80,EUR,0,0,60
654,6.65,EUR,0,0,60
655,7.30,EUR,0,0,60
656,8.20,EUR,0,0,60
657,7.35,EUR,0,0,60
658,7.40,EUR,0,0,60
659,6.55,EUR,0,0,60
660,10.85,EUR,0,0,60
661,9.30,EUR,0,0,60
662,6.15,EUR,0,0,60
663,9.00,EUR,0,0,60
664,8.60,EUR,0,0,60
665,6.60,EUR,0,0,60
666,7.65,EUR,0,0,60
667,7.95,EUR,0,0,60
668,8.95,EUR,0,0,60
669,7.20,EUR,0,0,60
670,7.70,EUR,0,0,60
671,6.40,EUR,0,0,60
672,7.90,EUR,0,0,60
673,7.60,EUR,0,0,60
674,8.10,EUR,0,0,60
675,8.70,EUR,0,0,60
676,9.10,EUR,0,0,60
677,8.45,EUR,0,0,60
678,9.20,EUR,0,0,60
679,8.00,EUR,0,0,60
680,7.50,EUR,0,0,60
681,7.85,EUR,0,0,60
682,8.90,EUR,0,0,60
683,8.85,EUR,0,0,60
684,8.80,EUR,0,0,60
685,9.35,EUR,0,0,60
686,7.10,EUR,0,0,60
687,9.05,EUR,0,0,60
688,8.50,EUR,0,0,60
689,9.40,EUR,0,0,60
690,11.50,EUR,0,0,82
691,10.20,EUR,0,0,82
692,8.40,EUR,0,0,82
693,3.70,EUR,0,0,100046
694,1.85,EUR,0,0,219
695,2.00,EUR,0,0,219
696,42.65,EUR,0,0,60
697,0.30,EUR,0,0,25
698,1.00,EUR,0,0,289
699,3.10,EUR,0,0,289
700,1.80,EUR,0,0,289
701,1.10,EUR,0,0,289
702,2.80,EUR,0,0,289
703,1.90,EUR,0,0,289
704,4.30,EUR,0,0,289
705,2.20,EUR,0,0,289
706,3.40,EUR,0,0,289
707,2.10,EUR,0,0,289
708,1.40,EUR,0,0,289
709,1.60,EUR,0,0,289
710,2.30,EUR,0,0,289
711,1.70,EUR,0,0,289
712,2.60,EUR,0,0,289
713,1.30,EUR,0,0,289
714,2.50,EUR,0,0,289
715,3.70,EUR,0,0,289
716,1.50,EUR,0,0,289
717,4.00,EUR,0,0,289
718,3.80,EUR,0,0,289
719,3.50,EUR,0,0,289
720,3.20,EUR,0,0,289
721,2.00,EUR,0,0,289
722,1.20,EUR,0,0,289
723,2.90,EUR,0,0,289
724,4.10,EUR,0,0,289
725,5.10,EUR,0,0,100046
726,4.40,EUR,0,0,100046
727,5.00,EUR,0,0,289
728,4.40,EUR,0,0,289
729,0.00,EUR,0,0,289
730,2.70,EUR,0,0,289
731,4.90,EUR,0,0,289
732,2.40,EUR,0,0,289
733,3.00,EUR,0,0,289
734,3.30,EUR,0,0,289
735,4.80,EUR,0,0,289
736,3.60,EUR,0,0,289
737,3.90,EUR,0,0,289
738,4.20,EUR,0,0,289
739,4.60,EUR,0,0,289
740,4.70,EUR,0,0,289
741,3.35,EUR,0,0,25
742,3.45,EUR,0,0,25
743,3.60,EUR,0,0,25
744,3.55,EUR,0,0,25
745,3.80,EUR,0,0,25
746,3.85,EUR,0,0,25
747,3.65,EUR,0,0,25
748,3.75,EUR,0,0,25
749,4.05,EUR,0,0,25
750,4.15,EUR,0,0,25
751,4.25,EUR,0,0,25
752,3.95,EUR,0,0,25
753,3.70,EUR,0,0,25
754,3.90,EUR,0,0,25
755,4.35,EUR,0,0,25
756,4.30,EUR,0,0,25
757,4.20,EUR,0,0,25
758,4.10,EUR,0,0,25
759,4.40,EUR,0,0,25
760,4.45,EUR,0,0,25
761,4.60,EUR,0,0,25
762,4.00,EUR,0,0,25
763,4.55,EUR,0,0,25
764,3.71,EUR,0,0,25
765,4.65,EUR,0,0,25
766,0.10,EUR,0,0,60
767,0.15,EUR,0,0,60
768,0.20,EUR,0,0,60
769,0.30,EUR,0,0,60
770,0.25,EUR,0,0,60
771,0.52,EUR,0,0,25
772,2.20,EUR,0,0,219
773,3.00,EUR,0,0,219
774,2.90,EUR,0,0,219
775,2.75,EUR,0,0,219
776,2.95,EUR,0,0,219
777,0.44,EUR,0,0,25
778,1.77,EUR,0,0,60
779,10.75,EUR,0,0,60
780,9.65,EUR,0,0,60
781,10.40,EUR,0,0,60
782,10.95,EUR,0,0,60
783,10.10,EUR,0,0,60
784,10.05,EUR,0,0,60
785,10.65,EUR,0,0,60
786,9.60,EUR,0,0,60
787,10.15,EUR,0,0,60
788,10.45,EUR,0,0,60
789,10.70,EUR,0,0,60
790,10.90,EUR,0,0,60
791,10.80,EUR,0,0,60
792,2.00,EUR,0,0,117
793,2.66,EUR,0,0,60
794,0.00,EUR,0,0,71
795,0.10,EUR,0,0,71
796,1.07,EUR,0,0,60
797,0.80,EUR,0,0,208
798,1.00,EUR,0,0,208
799,2.00,EUR,0,0,208
800,2.20,EUR,0,0,208
801,1.70,EUR,0,0,208
802,1.60,EUR,0,0,208
803,1.10,EUR,0,0,208
804,2.10,EUR,0,0,208
805,1.30,EUR,0,0,208
806,0.90,EUR,0,0,208
807,1.80,EUR,0,0,208
808,2.30,EUR,0,0,208
809,1.90,EUR,0,0,208
810,1.50,EUR,0,0,208
811,2.50,EUR,0,0,208
812,1.40,EUR,0,0,208
813,1.20,EUR,0,0,208
814,2.40,EUR,0,0,208
815,8.35,EUR,0,0,47
816,0.00,EUR,0,0,47
817,5.85,EUR,0,0,47
818,17.00,EUR,0,0,47
819,2.81,EUR,0,0,60
820,1.66,EUR,0,0,60
821,2.61,EUR,0,0,60
822,0.77,EUR,0,0,60
823,1.47,EUR,0,0,60
824,1.81,EUR,0,0,60
825,1.06,EUR,0,0,60
826,2.69,EUR,0,0,60
827,0.67,EUR,0,0,60
828,1.31,EUR,0,0,60
829,1.68,EUR,0,0,60
830,1.41,EUR,0,0,60
831,1.82,EUR,0,0,60
832,1.23,EUR,0,0,60
833,2.16,EUR,0,0,60
834,1.21,EUR,0,0,60
835,2.03,EUR,0,0,60
836,0.66,EUR,0,0,60
837,1.02,EUR,0,0,60
838,1.56,EUR,0,0,60
